0 0.001329 1002016
1 0.001308 1002016
2 0.001324 1002016
3 0.001312 1002016
4 0.001323 1002016
5 0.001287 1002016
6 0.001292 1002016
7 0.001302 1002016
8 0.001280 1002016
9 0.001320 1002016
10 0.001313 1002016
11 0.001307 1002016
12 0.001306 1002016
13 0.001326 1002016
14 0.001321 1002016
15 0.001315 1002016
16 0.001325 1002016
17 0.001313 1002016
18 0.001304 1002016
19 0.001332 1002016
20 0.001312 1002016
21 0.001342 1002016
22 0.001304 1002016
23 0.001317 1002016
24 0.001313 1002016
25 0.001313 1002016
26 0.001543 1002016
27 0.001327 1002016
28 0.001328 1002016
29 0.001313 1002016
30 0.001306 1002016
31 0.001312 1002016
32 0.001361 1002016
33 0.001311 1002016
34 0.001311 1002016
35 0.001313 1002016
36 0.001313 1002016
37 0.001358 1002016
38 0.001294 1002016
39 0.001288 1002016
40 0.001298 1002016
41 0.001348 1002016
42 0.001292 1002016
43 0.001306 1002016
44 0.001294 1002016
45 0.001314 1002016
46 0.001306 1002016
47 0.001301 1002016
48 0.001294 1002016
49 0.001299 1002016
50 0.001297 1002016
