0 0.000001 4080
1 0.000078 34020
2 0.000135 64044
3 0.000230 94056
4 0.000376 124020
5 0.000529 153984
6 0.000741 184008
7 0.000959 213996
8 0.001210 244020
9 0.001475 273972
10 0.001779 303936
11 0.002098 333876
12 0.002431 363864
13 0.002794 393864
14 0.003185 423864
15 0.003591 453912
16 0.004029 483924
17 0.004484 513960
18 0.004968 543972
19 0.005473 573972
20 0.005998 603984
21 0.006552 634020
22 0.007135 664020
23 0.007734 693996
24 0.008361 724008
25 0.009013 754008
26 0.009987 784032
27 0.010385 814044
28 0.011106 844032
29 0.011857 874008
30 0.012640 904044
31 0.013425 934068
32 0.014310 964056
33 0.015082 994032
34 0.015777 1024056
35 0.016653 1054104
36 0.017583 1084104
37 0.018637 1114104
38 0.019515 1144104
39 0.020443 1174080
40 0.021452 1204044
41 0.022494 1234068
42 0.023529 1264104
43 0.024770 1294128
44 0.025693 1324092
45 0.026842 1354092
46 0.027996 1384080
47 0.029177 1414068
48 0.030362 1444044
49 0.031586 1473972
50 0.032848 1503984
