100 0.000005 0.000004
200 0.000010 0.000007
300 0.000018 0.000010
400 0.000029 0.000017
500 0.000037 0.000018
600 0.000036 0.000019
700 0.000047 0.000021
800 0.000049 0.000024
900 0.000056 0.000028
1000 0.000064 0.000032
1100 0.000071 0.000035
1200 0.000083 0.000041
1300 0.000086 0.000043
1400 0.000091 0.000042
1500 0.000097 0.000045
1600 0.000105 0.000048
1700 0.000106 0.000049
1800 0.000116 0.000052
1900 0.000124 0.000058
2000 0.000132 0.000058
2100 0.000136 0.000061
2200 0.000156 0.000066
2300 0.000169 0.000076
2400 0.000163 0.000071
2500 0.000179 0.000083
2600 0.000179 0.000080
2700 0.000185 0.000079
2800 0.000192 0.000086
2900 0.000240 0.000117
3000 0.000206 0.000094
3100 0.000214 0.000092
3200 0.000224 0.000094
3300 0.000260 0.000102
3400 0.000258 0.000104
3500 0.000248 0.000102
3600 0.000256 0.000105
3700 0.000268 0.000108
3800 0.000273 0.000111
3900 0.000305 0.000119
4000 0.000300 0.000116
4100 0.000325 0.000131
4200 0.000329 0.000123
4300 0.000342 0.000137
4400 0.000338 0.000130
4500 0.000383 0.000144
4600 0.000371 0.000140
4700 0.000409 0.000158
4800 0.000431 0.000162
4900 0.000449 0.000155
