0 0.000001 4080
1 0.000081 34020
2 0.000137 64044
3 0.000236 94056
4 0.000375 124020
5 0.000534 153984
6 0.000741 184008
7 0.000977 213996
8 0.001215 244020
9 0.001478 273972
10 0.001798 303936
11 0.002099 333876
12 0.002461 363864
13 0.002811 393864
14 0.003197 423864
15 0.003619 453912
16 0.004044 483924
17 0.004498 513960
18 0.004968 543972
19 0.005489 573972
20 0.006011 603984
21 0.006592 634020
22 0.007148 664020
23 0.007866 693996
24 0.008364 724008
25 0.009024 754008
26 0.009717 784032
27 0.010428 814044
28 0.011143 844032
29 0.011874 874008
30 0.012661 904044
31 0.013431 934068
32 0.014241 964056
33 0.015121 994032
34 0.015798 1024056
35 0.016694 1054104
36 0.017608 1084104
37 0.018529 1114104
38 0.019478 1144104
39 0.020470 1174080
40 0.021484 1204044
41 0.022520 1234068
42 0.023557 1264104
43 0.024657 1294128
44 0.025739 1324092
45 0.026921 1354092
46 0.028080 1384080
47 0.029229 1414068
48 0.030438 1444044
49 0.031672 1473972
50 0.032905 1503984
